%YAML:1.0
texton_codebook: !!opencv-matrix
    rows: 13
    cols: 32
    dt: f
    data: [ -6.889261, -12.711338, 8.412443, 
        -0.715419, -19.890558, 1.065090, -17.847420, 
        3.177794, 14.222249, -9.817634, 5.289055, 
        12.397189, -23.548813, 3.139238, -9.449876, 
        -5.007840, 14.050200, -2.508262, 8.075735, 
        5.733794, -10.647029, 10.054795, -3.048768, 
        -5.648093, -2.485195, -2.003285, 5.935060, 
        -7.532243, 2.900028, -14.349150, 12.052116, 
        0.471580, -7.765877, -14.310385, 8.718565, 
        2.147697, -23.174392, 8.459938, -10.672852, 
        0.840556, 8.124267, 1.620424, -4.777059, 
        13.581642, -6.905694, 8.152018, 1.749221, 
        -8.659823, 2.970300, -2.599282, -5.374805, 
        5.588669, -4.247515, 6.930568, 2.536700, 
        -13.089983, -5.411036, -2.658558, 1.838412, 
        -6.683023, 3.281301, -17.238135, 14.238289, 
        0.926129, -0.714053, -2.581355, 1.706369, 
        -0.970269, -3.862193, -1.151839, -4.961788, 
        1.119286, 3.488824, -4.274821, 3.027364, 
        2.167680, -7.492284, 0.167998, -3.553985, 
        -0.961701, 4.896117, -0.510969, 3.934239, 
        1.052125, -3.176807, 2.540724, -1.560481, 
        -0.231743, 0.316247, -0.559136, 1.777936, 
        -1.769942, 0.551505, -1.638108, 2.443316, 
        0.041974, -3.832994, -19.115531, 12.141800, 
        -5.007250, -17.140072, 3.867796, -7.885201, 
        1.707960, -2.739621, 0.527597, -4.519789, 
        6.866792, 2.323902, 9.551066, 9.423630, 
        -7.378167, -0.647278, -1.167173, -11.965347, 
        2.774165, 0.438880, 5.809120, 4.155380, 
        -13.831963, 1.807499, -5.452265, -2.702954, 
        -9.575175, 6.090419, -4.416709, 13.691453, 
        0.029690, -2.663441, -2.119859, 1.622327, 
        0.635438, -3.772561, 0.475587, -4.035840, 
        0.606016, 4.518402, -1.697697, 0.910114, 
        3.211801, -6.305923, -0.170602, -3.050858, 
        0.037789, 3.293802, -0.603735, 2.149275, 
        1.618956, -2.813961, 2.397328, -0.886597, 
        -0.415688, -1.257820, 0.133495, 1.795197, 
        -1.400964, 0.482947, -4.924110, 1.898674, 
        0.086242, -0.193757, -1.109931, 0.720929, 
        -0.517007, -1.777833, -0.554212, -2.208981, 
        0.520716, 1.431615, -1.994826, 1.455536, 
        0.918684, -3.293272, 0.105888, -1.582565, 
        -0.519474, 2.242543, -0.233940, 1.822927, 
        0.420067, -1.395022, 1.110301, -0.724061, 
        -0.108155, 0.199423, -0.280432, 0.775699, 
        -0.775822, 0.233751, -0.565955, 1.123435, 
        0.023671, -3.340494, -18.746192, 14.189121, 
        -11.928024, -6.620000, -3.386935, -6.255757, 
        3.275929, -10.010162, -3.098650, -1.404863, 
        -0.244701, 4.702873, 5.527147, 10.308514, 
        -0.058428, -0.841264, 0.420332, -12.759199, 
        0.610114, 2.434292, 5.863084, 3.205343, 
        -8.013961, 7.462449, -5.470464, -5.047839, 
        -11.909133, 8.813578, 4.566978, 8.812586, 
        -1.095573, -2.992500, -1.675066, 0.963640, 
        2.507750, -7.141321, 3.508155, -2.739230, 
        -0.144552, 4.371282, 1.194151, -1.608018, 
        4.972877, -3.236992, 1.599185, -1.257400, 
        -2.413844, 1.109517, -0.984457, 0.071057, 
        2.031001, -1.923892, 1.726238, 0.376335, 
        -2.998119, -3.522973, 0.272028, 1.464414, 
        -0.667297, 0.035307, -7.765121, 3.450325, 
        0.490529, -0.603095, -1.100536, 0.744375, 
        -0.179298, -1.142135, -0.510818, -2.070429, 
        0.415037, 1.883915, -1.567514, 1.019569, 
        0.895603, -3.426894, -0.142973, -1.531275, 
        0.014142, 1.936622, -0.178622, 1.460911, 
        0.546175, -1.405052, 1.104896, -0.637974, 
        0.099866, 0.062114, -0.125783, 0.814410, 
        -0.694243, 0.226135, -0.939016, 0.749600, 
        -0.008048, -3.374384, -14.129560, 12.649636, 
        -13.132501, -0.096566, -6.566114, -4.493067, 
        3.736547, -11.796807, -4.454909, 0.304079, 
        -3.875403, 4.558838, 1.868618, 7.747379, 
        4.195961, -0.820876, 1.197856, -10.597101, 
        -0.231845, 2.740727, 5.210178, 2.039200, 
        -3.036004, 7.904305, -3.979345, -5.183886, 
        -11.117145, 8.909738, 6.958649, 4.228779, 
        -1.295513, -1.271359, -3.139682, 1.084946, 
        2.784020, -8.579745, 4.468752, -2.300931, 
        -0.459715, 3.371415, 1.943419, -2.478025, 
        4.992140, -0.968174, 3.588264, 0.852360, 
        -4.934187, 0.006577, -1.060923, -1.562070, 
        1.748305, -1.079095, 1.132190, 1.180731, 
        -5.257629, -3.030550, -0.763307, 0.785691, 
        -0.511909, -0.223488, -5.943131, 4.870393, 
        0.637018, -1.562143, -0.679572, 0.617323, 
        0.557691, -1.737280, 0.564244, -1.572315, 
        0.187056, 2.130736, -0.314345, 0.142484, 
        1.668979, -2.485048, -0.199679, -1.404550, 
        0.224948, 1.251011, -0.313601, 0.809337, 
        0.798129, -1.184676, 1.013865, -0.316389, 
        -0.127986, -0.892137, 0.227699, 0.826553, 
        -0.520627, 0.158807, -2.904604, 0.699855, 
        0.043314, -0.164075, -0.628828, 0.398865, 
        -0.199744, -0.678717, -0.406339, -1.221855, 
        0.265336, 0.994771, -1.070834, 0.710220, 
        0.407034, -2.015497, -0.017447, -0.894896, 
        -0.131620, 1.191985, -0.093601, 0.963346, 
        0.270402, -0.821705, 0.624356, -0.394367, 
        0.036902, 0.125585, -0.118659, 0.461651, 
        -0.407686, 0.115327, -0.251875, 0.479410, 
        0.001745]
